Learned weight vectors and counts:
w: [0. 0. 0. 0.], count: 1
w: [-0.13562  -0.32136  -0.43465  -0.078662], count: 5
w: [-0.27939  -0.46456  -0.22321  -0.036595], count: 1
w: [-0.357385 -0.14134  -0.55141  -0.346635], count: 6
w: [-7.14995e-01 -1.11887e+00 -1.53460e-01 -2.55000e-04], count: 1
w: [-1.231605  -0.31454   -0.1490335 -0.450085 ], count: 7
w: [-1.113565  -1.46547   -0.1645985  0.231855 ], count: 7
w: [-1.499085  -1.11328   -0.2030135 -0.154225 ], count: 2
w: [-1.694805  -0.60175   -1.0642835 -0.011255 ], count: 18
w: [-2.096535  -1.43298    0.1811865 -0.155005 ], count: 6
w: [-2.022468  -1.25999   -0.1384435 -0.169575 ], count: 10
w: [-1.743328  -1.43733   -0.8160035 -0.12966  ], count: 1
w: [-1.948618  -1.05348   -0.8955475 -0.25104  ], count: 39
w: [-1.827818  -0.64604   -1.3718975 -0.51233  ], count: 4
w: [-1.890502  -1.27614   -0.8934675 -0.40173  ], count: 4
w: [-1.830452  -1.08287   -1.2223475 -0.434145 ], count: 6
w: [-1.774513  -1.11391   -1.2040405 -0.389492 ], count: 6
w: [-1.753082  -1.183439  -1.1163295 -0.359839 ], count: 3
w: [-1.740956  -1.161092  -1.1636565 -0.262815 ], count: 14
w: [-1.810835  -1.498802  -0.7515465 -0.112385 ], count: 2
w: [-1.922715  -1.165232  -0.8860965 -0.308115 ], count: 19
w: [-1.92230955 -1.102327   -0.9502175  -0.232298  ], count: 27
w: [-1.77729955 -0.741657   -1.3557875  -0.391958  ], count: 3
w: [-1.69860955 -1.698287   -0.9771175   0.358382  ], count: 2
w: [-1.75055955 -1.371957   -1.2860675   0.456872  ], count: 3
w: [-1.59245955 -1.285048   -1.5174475   0.539284  ], count: 3
w: [-2.06010955 -1.851408   -0.4205475   0.505835  ], count: 8
w: [-2.33375955 -1.348158   -1.0866275   0.563724  ], count: 8
w: [-2.41055355 -1.002178   -1.4306775   0.220964  ], count: 17
w: [-2.38615955 -0.854848   -1.5725975   0.162429  ], count: 5
w: [-2.23538955 -0.658888   -1.8784375   0.150186  ], count: 5
w: [-2.29074455 -1.451218   -1.2068775   0.22458   ], count: 7
w: [-2.38893755 -1.171658   -1.3302875   0.0679    ], count: 11
w: [-2.31517755 -0.686408   -1.8101475  -0.49869   ], count: 12
w: [-2.61189755 -2.015098   -0.4628775  -0.7614    ], count: 4
w: [-2.62213155 -1.833208   -0.6845675  -0.818125  ], count: 8
w: [-2.56819555 -1.443768   -1.1662275  -1.252305  ], count: 1
w: [-2.49770555 -1.426594   -1.3448175  -1.216186  ], count: 27
w: [-2.25853555 -0.970944   -1.8436975  -1.506056  ], count: 4
w: [-2.70628555 -2.273974   -0.1353575  -1.809506  ], count: 9
w: [-2.93057555 -1.859704   -0.6586875  -1.769333  ], count: 49
w: [-2.82863555 -1.749414   -0.8886875  -1.709938  ], count: 7
w: [-2.70665555 -1.539594   -1.2082275  -1.697095  ], count: 5
w: [-2.65584255 -1.491795   -1.4062675  -1.639381  ], count: 13
w: [-2.68876255 -1.046275   -1.8634475  -1.540501  ], count: 12
w: [-2.52972255 -0.825065   -2.1752775  -1.552226  ], count: 2
w: [-2.26493255 -1.838805   -2.0421775  -1.005156  ], count: 37
w: [-2.62478255 -3.204735   -0.2816575  -1.254426  ], count: 5
w: [-2.65770655 -2.759215   -0.7388375  -1.155546  ], count: 1
w: [-2.91273655 -2.264035   -1.3761275  -1.11395   ], count: 9
w: [-2.69330655 -1.809005   -1.8737275  -1.38649   ], count: 36
w: [-2.74525355 -1.482675   -2.1826775  -1.287998  ], count: 2
w: [-2.92501355 -2.159535   -1.5151475  -1.198086  ], count: 45
w: [-2.81949355 -2.040965   -1.7792575  -1.187053  ], count: 1
w: [-2.61772355 -1.861145   -2.0750675  -1.166063  ], count: 9
w: [-2.48254355 -1.755195   -2.3094375  -1.126065  ], count: 4
w: [-2.62141355 -2.242925   -1.6616975  -1.091886  ], count: 34
w: [-2.66337855 -1.951985   -1.8402875  -1.312576  ], count: 20
w: [-2.56220855 -1.861765   -2.0753475  -1.269862  ], count: 9
w: [-2.78845855 -1.8716985  -1.7940775  -1.2212    ], count: 3
w: [-2.61514855 -1.4762585  -2.2681975  -1.47137   ], count: 1
w: [-3.08845855 -2.0941485  -1.1293975  -1.57878   ], count: 16
w: [-2.98208855 -1.7245785  -1.5453375  -1.77257   ], count: 20
w: [-3.14237855 -1.7634815  -1.3833375  -1.58154   ], count: 20
w: [-3.09057855 -1.7376165  -1.4674225  -1.485422  ], count: 4
w: [-2.95874855 -1.5474465  -1.7985325  -1.4789149 ], count: 8
w: [-2.92111155 -1.6298045  -1.7199895  -1.4043909 ], count: 2
w: [-2.84242155 -2.5864345  -1.3413195  -0.6540509 ], count: 5
w: [-2.67443155 -2.1657545  -1.7952995  -0.8933609 ], count: 16
w: [-2.47133155 -1.9805545  -2.0965095  -0.8930606 ], count: 3
w: [-2.43699155 -1.9681395  -2.1252425  -0.8784066 ], count: 10
w: [-2.50275855 -2.2483195  -1.7540925  -0.7786676 ], count: 37
w: [-2.35379855 -1.9054395  -2.1571825  -0.9212576 ], count: 2
w: [-2.35077665 -2.0105595  -2.0169425  -0.8438886 ], count: 17
w: [-2.50698665 -2.2317695  -1.5910325  -0.8159166 ], count: 2
w: [-2.60810665 -1.9319295  -1.7076725  -0.9777666 ], count: 32
w: [-2.61982265 -1.8715075  -1.7462595  -0.9836731 ], count: 27
w: [-2.67177265 -1.5451775  -2.0552095  -0.8851831 ], count: 27
w: [-3.03189265 -2.1990675  -1.0028695  -0.9341501 ], count: 26
w: [-3.13301265 -1.8992275  -1.1195095  -1.0960001 ], count: 2
w: [-3.03184265 -1.8090075  -1.3545695  -1.0532861 ], count: 15
w: [-2.97561065 -1.7088575  -1.5818295  -1.05389096], count: 4
w: [-2.85363065 -1.4990375  -1.9013695  -1.04104796], count: 2
w: [-2.83119865 -1.5511845  -1.9417555  -0.92087796], count: 20
w: [-2.59202865 -1.0955345  -2.4406355  -1.21074796], count: 2
w: [-2.46202865 -2.1223145  -2.1453355  -0.62436796], count: 27
w: [-2.33019865 -1.9321445  -2.4764455  -0.61786086], count: 6
w: [-2.70592865 -2.7613045  -1.4461255  -0.57980186], count: 4
w: [-2.64587865 -2.5680345  -1.7750055  -0.61221686], count: 5
w: [-2.57181165 -2.3950445  -2.0946355  -0.62678686], count: 8
w: [-2.62376165 -2.0687145  -2.4035855  -0.52829686], count: 33
w: [-3.14037165 -1.2643845  -2.399159   -0.97812686], count: 27
w: [-3.22185065 -1.8381945  -1.959969   -0.94601686], count: 6
w: [-3.01875065 -1.6529945  -2.261179   -0.94571656], count: 26
w: [-3.09621165 -1.8406745  -2.020949   -0.83252656], count: 39
w: [-2.96103165 -1.7347245  -2.255319   -0.79252856], count: 1
w: [-3.15512165 -2.6032045  -1.339819   -0.69847956], count: 15
w: [-3.16434105 -2.5638895  -1.372665   -0.71227356], count: 3
w: [-3.11697305 -2.2278395  -1.823305   -1.11658356], count: 34
w: [-3.09554205 -2.2973685  -1.735594   -1.08693056], count: 59
w: [-2.93650205 -2.0761585  -2.047424   -1.09865556], count: 2
w: [-3.05317205 -2.2185285  -1.755014   -1.03253656], count: 1
w: [-3.02877805 -2.0711985  -1.896934   -1.09107156], count: 6
w: [-2.97283905 -2.1022385  -1.878627   -1.04641856], count: 47
w: [-2.77106905 -1.9224185  -2.174437   -1.02542856], count: 22
w: [-2.93135905 -1.9613215  -2.012437   -0.83439856], count: 11
w: [-2.89701905 -1.9489065  -2.04117    -0.81974456], count: 15
w: [-2.79064905 -1.5793365  -2.45711    -1.01353456], count: 9
w: [-3.12646905 -2.3033765  -1.31292    -1.07064756], count: 5
w: [-2.94771905 -1.8253765  -1.82654    -1.39426756], count: 14
w: [-2.91008205 -1.9077345  -1.747997   -1.31974356], count: 15
w: [-2.76112205 -1.5648545  -2.151087   -1.46233356], count: 4
w: [-3.11172205 -2.8215245  -0.635027   -1.53754956], count: 4
w: [-3.54570205 -2.2911645  -1.023057   -1.46711756], count: 3
w: [-3.68208205 -1.8135745  -1.864877   -1.27875756], count: 1
w: [-3.63028205 -1.7877095  -1.948962   -1.18263956], count: 43
w: [-3.36549205 -2.8014495  -1.815862   -0.63556956], count: 16
w: [-3.34938405 -2.1552095  -2.651592   -0.48340956], count: 1
w: [-3.20437405 -1.7945395  -3.057162   -0.64306956], count: 7
w: [-3.42777405 -2.4976795  -2.307802   -0.58173556], count: 77
w: [-3.42475215 -2.6027995  -2.167562   -0.50436656], count: 8
w: [-3.35657215 -2.1177595  -2.688892   -1.11479656], count: 7
w: [-3.82988215 -2.7356495  -1.550092   -1.22220656], count: 5
w: [-3.75612215 -2.2503995  -2.029952   -1.78879656], count: 3
w: [-3.77341815 -2.3685595  -1.891772   -1.71543656], count: 13
w: [-3.60542815 -1.9478795  -2.345752   -1.95474656], count: 18
w: [-3.45465815 -1.7519195  -2.651592   -1.96698956], count: 1
w: [-3.35271815 -1.6416295  -2.881592   -1.90759456], count: 13
w: [-3.50499815 -2.2895195  -2.305912   -1.82026956], count: 16
w: [-3.28556815 -1.8344895  -2.803512   -2.09280956], count: 2
w: [-3.46046815 -2.4676895  -2.193642   -2.07854356], count: 29
w: [-3.28715815 -2.0722495  -2.667762   -2.32871356], count: 12
w: [-3.21273015 -2.4494795  -2.506452   -2.17117356], count: 7
w: [-3.46646015 -3.1453795  -1.625912   -2.01828356], count: 8
w: [-3.4660547  -3.0824745  -1.690033   -1.94246656], count: 29
w: [-3.5642477  -2.8029145  -1.813443   -2.09914656], count: 1
w: [-3.5521217  -2.7805675  -1.86077    -2.00212256], count: 14
w: [-3.3940217  -2.6936585  -2.09215    -1.91971056], count: 13
w: [-3.2732217  -2.2862185  -2.5685     -2.18100056], count: 10
w: [-3.2388817  -2.2738035  -2.597233   -2.16634656], count: 47
w: [-3.2174507  -2.3433325  -2.509522   -2.13669356], count: 37
w: [-3.2694007  -2.0170025  -2.818472   -2.03820356], count: 4
w: [-3.3629877  -2.5270825  -2.364802   -1.89954356], count: 32
w: [-3.4149347  -2.2007525  -2.673752   -1.80105156], count: 18
w: [-3.41452925 -2.1378475  -2.737873   -1.72523456], count: 15
w: [-3.64370925 -2.8635475  -1.941903   -1.63312456], count: 8
w: [-3.47039925 -2.4681075  -2.416023   -1.88329456], count: 19
w: [-3.31962925 -2.2721475  -2.721863   -1.89553756], count: 18
w: [-3.18962925 -3.2989275  -2.426563   -1.30915756], count: 3
w: [-3.39491925 -2.9150775  -2.506107   -1.43053756], count: 36
w: [-3.27293925 -2.7052575  -2.825647   -1.41769456], count: 12
w: [-3.49918925 -2.715191   -2.544377   -1.36903256], count: 33
w: [-3.39281925 -2.345621   -2.960317   -1.56282256], count: 3
w: [-3.55958925 -3.060971   -2.171027   -1.46605756], count: 8
w: [-3.45764925 -2.950681   -2.401027   -1.40666256], count: 4
w: [-3.25454925 -2.765481   -2.702237   -1.40636226], count: 18
w: [-3.09550925 -2.544271   -3.014067   -1.41808726], count: 9
w: [-3.03957025 -2.575311   -2.99576    -1.37343426], count: 10
w: [-3.19279025 -3.084971   -2.32797    -1.35593626], count: 4
w: [-3.07000025 -2.681881   -2.79232    -1.74718626], count: 30
w: [-3.13600825 -3.004481   -2.41174    -1.62882626], count: 2
w: [-3.13298635 -3.109601   -2.2715     -1.55145726], count: 6
w: [-2.89381635 -2.653951   -2.77038    -1.84132726], count: 14
w: [-3.01949635 -2.801281   -2.4832     -1.79667426], count: 27
w: [-2.84074635 -2.323281   -2.99682    -2.12029426], count: 18
w: [-2.76631835 -2.700511   -2.83551    -1.96275426], count: 1
w: [-3.02050835 -2.766315   -2.56709    -1.84323426], count: 16
w: [-2.87549835 -2.405645   -2.97266    -2.00289426], count: 2
w: [-2.99216835 -2.548015   -2.68025    -1.93677526], count: 8
w: [-3.06204735 -2.885725   -2.26814    -1.78634526], count: 13
w: [-3.26489735 -2.501045   -2.331575   -1.90384526], count: 2
w: [-3.12971735 -2.395095   -2.565945   -1.86384726], count: 3
w: [-3.10728535 -2.447242   -2.606331   -1.74367726], count: 1
w: [-3.26757535 -2.486145   -2.444331   -1.55264726], count: 1
w: [-3.13574535 -2.295975   -2.775441   -1.54614016], count: 18
w: [-3.51777535 -3.601485   -1.079611   -1.77666016], count: 2
w: [-3.76263535 -2.969735   -1.875931   -1.79726216], count: 18
w: [-3.60453535 -2.882826   -2.107311   -1.71485016], count: 5
w: [-3.55273535 -2.856961   -2.191396   -1.61873216], count: 7
w: [-3.45156535 -2.766741   -2.426456   -1.57601816], count: 2
w: [-3.48448535 -2.321221   -2.883636   -1.47713816], count: 15
w: [-3.40579535 -3.277851   -2.504966   -0.72679816], count: 2
w: [-3.45507635 -2.971801   -2.688526   -1.01019816], count: 22
w: [-3.47237235 -3.089961   -2.550346   -0.93683816], count: 3
w: [-3.73117235 -2.703421   -2.583706   -1.06480816], count: 28
w: [-3.73370375 -2.720804   -2.595045   -0.94282816], count: 20
w: [-3.72157775 -2.698457   -2.642372   -0.84580416], count: 3
w: [-3.51980775 -2.518637   -2.938182   -0.82481416], count: 8
w: [-3.87896775 -3.141487   -1.914292   -0.94024416], count: 1
w: [-3.82273575 -3.041337   -2.141552   -0.94084902], count: 20
w: [-3.87468575 -2.715007   -2.450502   -0.84235902], count: 14
w: [-3.76916575 -2.596437   -2.714612   -0.83132602], count: 13
w: [-3.92537575 -2.817647   -2.288702   -0.80335402], count: 28
w: [-3.90098175 -2.670317   -2.430622   -0.86188902], count: 80
w: [-3.86334475 -2.752675   -2.352079   -0.78736502], count: 67
w: [-3.73762475 -2.265365   -2.880689   -1.37477502], count: 60
w: [-3.93828475 -2.937265   -1.979069   -1.36477652], count: 27
w: [-3.87823475 -2.743995   -2.307949   -1.39719152], count: 3
w: [-3.89553075 -2.862155   -2.169769   -1.32383152], count: 5
w: [-3.76035075 -2.756205   -2.404139   -1.28383352], count: 7
w: [-3.74424275 -2.109965   -3.239869   -1.13167352], count: 10
w: [-3.91528275 -2.587765   -2.618779   -1.09193352], count: 16
w: [-3.75624275 -2.366555   -2.930609   -1.10365852], count: 20
w: [-3.72190275 -2.35414    -2.959342   -1.08900452], count: 26
w: [-3.68426575 -2.436498   -2.880799   -1.01448052], count: 19
w: [-3.53530575 -2.093618   -3.283889   -1.15707052], count: 1
w: [-3.81921575 -2.756618   -2.235399   -1.19918352], count: 11
w: [-3.69723575 -2.546798   -2.554939   -1.18634052], count: 31
w: [-3.55222575 -2.186128   -2.960509   -1.34600052], count: 11
w: [-3.95440575 -3.016528   -1.705009   -1.49699052], count: 22
w: [-4.03700675 -2.720418   -1.833649   -1.64346052], count: 24
w: [-3.96293975 -2.547428   -2.153279   -1.65803052], count: 3
w: [-3.94050775 -2.599575   -2.193665   -1.53786052], count: 1
w: [-3.87603575 -2.138955   -3.028365   -1.26687052], count: 13
w: [-4.05082575 -2.721255   -2.441375   -1.14567052], count: 37
w: [-3.94965575 -2.631035   -2.676435   -1.10295652], count: 4
w: [-3.74655575 -2.445835   -2.977645   -1.10265622], count: 7
w: [-3.64461575 -2.335545   -3.207645   -1.04326122], count: 17
w: [-3.64159385 -2.440665   -3.067405   -0.96589222], count: 21
w: [-3.71147285 -2.778375   -2.655295   -0.81546222], count: 4
w: [-3.58868285 -2.375285   -3.119645   -1.20671222], count: 4
w: [-3.94921285 -2.972685   -2.110485   -1.28955822], count: 5
w: [-3.84284285 -2.603115   -2.526425   -1.48334822], count: 3
w: [-3.79104285 -2.57725    -2.61051    -1.38723022], count: 4
w: [-3.63294285 -2.490341   -2.84189    -1.30481822], count: 8
w: [-3.6325374  -2.427436   -2.906011   -1.22900122], count: 22
w: [-3.7691374  -2.40902    -2.815472   -1.07094122], count: 21
w: [-4.1289874  -3.77495    -1.054952   -1.32021122], count: 3
w: [-4.6770674  -2.95676    -1.027134   -1.82344122], count: 10
w: [-4.6231314  -2.56732    -1.508794   -2.25762122], count: 8
w: [-4.4551414  -2.14664    -1.962774   -2.49693122], count: 7
w: [-4.5070914  -1.82031    -2.271724   -2.39844122], count: 10
w: [-4.2423014  -2.83405    -2.138624   -1.85137122], count: 73
w: [-4.2752254  -2.38853    -2.595804   -1.75249122], count: 7
w: [-4.3409924  -2.66871    -2.224654   -1.65275222], count: 15
w: [-4.3435238  -2.686093   -2.235993   -1.53077222], count: 6
w: [-4.3954708  -2.359763   -2.544943   -1.43228022], count: 19
w: [-4.2636408  -2.169593   -2.876053   -1.42577312], count: 3
w: [-4.0618708  -1.989773   -3.171863   -1.40478312], count: 4
w: [-4.2852708  -2.692913   -2.422503   -1.34344912], count: 31
w: [-4.0461008  -2.237263   -2.921383   -1.63331912], count: 6
w: [-3.9901618  -2.268303   -2.903076   -1.58866612], count: 3
w: [-3.9687308  -2.337832   -2.815365   -1.55901312], count: 9
w: [-3.7493008  -1.882802   -3.312965   -1.83155312], count: 7
w: [-4.2348408  -2.473172   -2.214785   -1.91375212], count: 4
w: [-4.2104468  -2.325842   -2.356705   -1.97228712], count: 86
w: [-4.1983208  -2.303495   -2.404032   -1.87526312], count: 4
w: [-4.2197148  -2.371782   -2.3943788  -1.75561312], count: 19
w: [-4.0689448  -2.175822   -2.7002188  -1.76785612], count: 24
w: [-4.1464058  -2.363502   -2.4599888  -1.65466612], count: 48
w: [-4.0677158  -3.320132   -2.0813188  -0.90432612], count: 29
w: [-3.9187558  -2.977252   -2.4844088  -1.04691612], count: 6
w: [-3.8811188  -3.05961    -2.4058658  -0.97239212], count: 12
w: [-3.7459388  -2.95366    -2.6402358  -0.93239412], count: 15
w: [-3.7879038  -2.66272    -2.8188258  -1.15308412], count: 7
w: [-3.8653648  -2.8504     -2.5785958  -1.03989412], count: 15
w: [-3.7641948  -2.76018    -2.8136558  -0.99718012], count: 13
w: [-3.6323648  -2.57001    -3.1447658  -0.99067302], count: 5
w: [-4.1179048  -3.16038    -2.0465858  -1.07287202], count: 15
w: [-3.9971048  -2.75294    -2.5229358  -1.33416202], count: 50
w: [-3.8237948  -2.3575     -2.9970558  -1.58433202], count: 3
w: [-3.8116688  -2.335153   -3.0443828  -1.48730802], count: 23
w: [-4.1812788  -3.702943   -1.2864328  -1.74911802], count: 3
w: [-4.0132888  -3.282263   -1.7404128  -1.98842802], count: 25
w: [-3.8904988  -2.879173   -2.2047628  -2.37967802], count: 7
w: [-3.7841288  -2.509603   -2.6207028  -2.57346802], count: 3
w: [-3.6260288  -2.422694   -2.8520828  -2.49105602], count: 5
w: [-3.7942288  -3.103904   -2.1381028  -2.35782602], count: 28
w: [-3.7727978  -3.173433   -2.0503918  -2.32817302], count: 31
w: [-3.6708578  -3.063143   -2.2803918  -2.26877802], count: 1
w: [-3.7228048  -2.736813   -2.5893418  -2.17028602], count: 5
w: [-3.5720348  -2.540853   -2.8951818  -2.18252902], count: 3
w: [-3.4500548  -2.331033   -3.2147218  -2.16968602], count: 46
w: [-3.3756268  -2.708263   -3.0534118  -2.01214602], count: 35
w: [-3.3196878  -2.739303   -3.0351048  -1.96749302], count: 27
w: [-3.4363578  -2.881673   -2.7426948  -1.90137402], count: 16
w: [-3.4333359  -2.986793   -2.6024548  -1.82400502], count: 8
w: [-3.6454359  -2.992381   -2.4075548  -1.68870502], count: 12
w: [-3.6110959  -2.979966   -2.4362878  -1.67405102], count: 28
w: [-3.6630459  -2.653636   -2.7452378  -1.57556102], count: 17
w: [-3.7996459  -2.63522    -2.6546988  -1.41750102], count: 10
w: [-3.8021773  -2.652603   -2.6660378  -1.29552102], count: 20
w: [-3.80177185 -2.589698   -2.7301588  -1.21970402], count: 3
w: [-4.08568185 -3.252698   -1.6816688  -1.26181702], count: 12
w: [-4.11860185 -2.807178   -2.1388488  -1.16293702], count: 4
w: [-3.97359185 -2.446508   -2.5444188  -1.32259702], count: 20
w: [-3.75416185 -1.991478   -3.0420188  -1.59513702], count: 20
w: [-3.98041185 -2.0014115  -2.7607488  -1.54647502], count: 4
w: [-4.12009185 -2.9683915  -1.8142288  -1.58134702], count: 15
w: [-4.17204185 -2.6420615  -2.1231788  -1.48285702], count: 36
w: [-4.18375785 -2.5816395  -2.1617658  -1.48876352], count: 20
w: [-4.13195785 -2.5557745  -2.2458508  -1.39264552], count: 36
w: [-3.92885785 -2.3705745  -2.5470608  -1.39234522], count: 39
w: [-3.72708785 -2.1907545  -2.8428708  -1.37135522], count: 3
w: [-4.06290785 -2.9147945  -1.6986808  -1.42846822], count: 13
w: [-4.03851385 -2.7674645  -1.8406008  -1.48700322], count: 4
w: [-4.09046385 -2.4411345  -2.1495508  -1.38851322], count: 12
w: [-3.98494385 -2.3225645  -2.4136608  -1.37748022], count: 9
w: [-3.74577385 -1.8669145  -2.9125408  -1.66735022], count: 1
w: [-3.73314985 -2.8990745  -2.5413308  -1.05550022], count: 22
w: [-3.55439985 -2.4210745  -3.0549508  -1.37912022], count: 3
w: [-3.95657985 -3.2514745  -1.7994508  -1.53011022], count: 2
w: [-4.04954985 -2.8717645  -2.2637408  -1.50054022], count: 4
w: [-4.03344185 -2.2255245  -3.0994708  -1.34838022], count: 2
w: [-4.05073785 -2.3436845  -2.9612908  -1.27502022], count: 19
w: [-3.89169785 -2.1224745  -3.2731208  -1.28674522], count: 1
w: [-3.99023785 -2.7885745  -2.6906708  -1.23213522], count: 44
w: [-4.02316185 -2.3430545  -3.1478508  -1.13325522], count: 5
w: [-4.14884185 -2.4903845  -2.8606708  -1.08860222], count: 17
w: [-4.21872085 -2.8280945  -2.4485608  -0.93817222], count: 7
w: [-4.09593085 -2.4250045  -2.9129108  -1.32942222], count: 7
w: [-3.95092085 -2.0643345  -3.3184808  -1.48908222], count: 2
w: [-3.9505154  -2.0014295  -3.3826018  -1.41326522], count: 1
w: [-4.1073254  -2.7258895  -2.7272318  -1.42602522], count: 39
w: [-3.9482854  -2.5046795  -3.0390618  -1.43775022], count: 10
w: [-3.7975154  -2.3087195  -3.3449018  -1.44999322], count: 10
w: [-4.1363554  -3.1302195  -2.3117518  -1.35180622], count: 4
w: [-3.9576054  -2.6522195  -2.8253718  -1.67542622], count: 11
w: [-4.1138154  -2.8734295  -2.3994618  -1.64745422], count: 10
w: [-4.0620154  -2.8475645  -2.4835468  -1.55133622], count: 7
w: [-4.0060764  -2.8786045  -2.4652398  -1.50668322], count: 15
w: [-4.0086078  -2.8959875  -2.4765788  -1.38470322], count: 1
w: [-3.9924998  -2.2497475  -3.3123088  -1.23254322], count: 7
w: [-4.0697878  -2.9944775  -2.6631088  -1.19642422], count: 12
w: [-3.9634178  -2.6249075  -3.0790488  -1.39021422], count: 4
w: [-4.1166378  -3.1345675  -2.4112588  -1.37271622], count: 2
w: [-3.9433278  -2.7391275  -2.8853788  -1.62288622], count: 5
w: [-3.8413878  -2.6288375  -3.1153788  -1.56349122], count: 3
w: [-3.8037508  -2.7111955  -3.0368358  -1.48896722], count: 16
w: [-4.1268008  -3.4325455  -1.8725058  -1.58358022], count: 12
w: [-4.0651488  -3.0431055  -2.3452558  -2.02306022], count: 39
w: [-4.0980688  -2.5975855  -2.8024358  -1.92418022], count: 3
w: [-3.9760888  -2.3877655  -3.1219758  -1.91133722], count: 3
w: [-3.9417488  -2.3753505  -3.1507088  -1.89668322], count: 2
w: [-3.9971038  -3.1676805  -2.4791488  -1.82228922], count: 14
w: [-3.9940819  -3.2728005  -2.3389088  -1.74492022], count: 37
w: [-4.0348859  -3.2185865  -2.3916338  -1.67906022], count: 8
w: [-4.1174869  -2.9224765  -2.5202738  -1.82553022], count: 16
w: [-3.9856569  -2.7323065  -2.8513838  -1.81902312], count: 6
w: [-3.7838869  -2.5524865  -3.1471938  -1.79803312], count: 4
w: [-4.0981169  -3.8561365  -1.5794638  -1.86419812], count: 22
w: [-4.1073363  -3.8168215  -1.6123098  -1.87799212], count: 2
w: [-3.9393463  -3.3961415  -2.0662898  -2.11730212], count: 7
w: [-4.0759463  -3.3777255  -1.9757508  -1.95924212], count: 14
w: [-4.2812363  -2.9938755  -2.0552948  -2.08062212], count: 41
w: [-4.0781363  -2.8086755  -2.3565048  -2.08032182], count: 7
w: [-4.0557043  -2.8608225  -2.3968908  -1.96015182], count: 21
w: [-4.0313103  -2.7134925  -2.5388108  -2.01868682], count: 3
w: [-3.9568823  -3.0907225  -2.3775008  -1.86114682], count: 4
w: [-3.9741783  -3.2088825  -2.2393208  -1.78778682], count: 8
w: [-3.7350083  -2.7532325  -2.7382008  -2.07765682], count: 46
w: [-3.6338383  -2.6630125  -2.9732608  -2.03494282], count: 36
w: [-3.4757383  -2.5761035  -3.2046408  -1.95253082], count: 12
w: [-3.4636123  -2.5537565  -3.2519678  -1.85550682], count: 39
w: [-3.3284323  -2.4478065  -3.4863378  -1.81550882], count: 3
w: [-3.4058933  -2.6354865  -3.2461078  -1.70231882], count: 4
w: [-3.3272033  -3.5921165  -2.8674378  -0.95197882], count: 8
w: [-3.3791533  -3.2657865  -3.1763878  -0.85348882], count: 17
w: [-3.6054033  -3.27572    -2.8951178  -0.80482682], count: 2
w: [-3.6383273  -2.8302     -3.3522978  -0.70594682], count: 57
w: [-4.0400573  -3.66143    -2.1068278  -0.84969682], count: 6
w: [-3.9345373  -3.54286    -2.3709378  -0.83866382], count: 23
w: [-3.8663573  -3.05782    -2.8922678  -1.44909382], count: 24
w: [-3.6469273  -2.60279    -3.3898678  -1.72163382], count: 3
w: [-3.8590273  -2.608378   -3.1949678  -1.58633382], count: 10
w: [-3.9250353  -2.930978   -2.8143878  -1.46797382], count: 31
w: [-3.9036043  -3.000507   -2.7266768  -1.43832082], count: 118
w: [-3.7546443  -2.657627   -3.1297668  -1.58091082], count: 24
w: [-3.5154743  -2.201977   -3.6286468  -1.87078082], count: 5
w: [-3.8121943  -3.530667   -2.2813768  -2.13349082], count: 20
w: [-3.7907633  -3.600196   -2.1936658  -2.10383782], count: 17
w: [-3.5889933  -3.420376   -2.4894758  -2.08284782], count: 3
w: [-3.5768673  -3.398029   -2.5368028  -1.98582382], count: 17
w: [-3.6176713  -3.343815   -2.5895278  -1.91996382], count: 1
w: [-4.2058513  -2.577975   -2.5339478  -2.21151382], count: 3
w: [-4.0838713  -2.368155   -2.8534878  -2.19867082], count: 11
w: [-3.9827013  -2.277935   -3.0885478  -2.15595682], count: 1
w: [-3.7796013  -2.092735   -3.3897578  -2.15565652], count: 2
w: [-3.9603613  -2.974045   -2.5188978  -2.17733852], count: 12
w: [-4.0123113  -2.647715   -2.8278478  -2.07884852], count: 14
w: [-3.9378833  -3.024945   -2.6665378  -1.92130852], count: 14
w: [-3.8315133  -2.655375   -3.0824778  -2.11509852], count: 33
w: [-3.6724733  -2.434165   -3.3943078  -2.12682352], count: 3
w: [-4.1210833  -3.763055   -1.6634378  -2.44876352], count: 2
w: [-4.0610333  -3.569785   -1.9923178  -2.48117852], count: 25
w: [-3.9590933  -3.459495   -2.2223178  -2.42178352], count: 14
w: [-3.9031543  -3.490535   -2.2040108  -2.37713052], count: 1
w: [-3.8688143  -3.47812    -2.2327438  -2.36247652], count: 3
w: [-3.8311773  -3.560478   -2.1542008  -2.28795252], count: 8
w: [-3.83130582 -3.546615   -2.1738518  -2.28713498], count: 5
w: [-3.91390682 -3.250505   -2.3024918  -2.43360498], count: 17
w: [-3.74059682 -2.855065   -2.7766118  -2.68377498], count: 32
w: [-3.74312822 -2.872448   -2.7879508  -2.56179498], count: 10
w: [-3.74010632 -2.977568   -2.6477108  -2.48442598], count: 37
w: [-3.90039632 -3.016471   -2.4857108  -2.29339598], count: 22
w: [-3.87796432 -3.068618   -2.5260968  -2.17322598], count: 5
w: [-3.94373132 -3.348798   -2.1549468  -2.07348698], count: 6
w: [-3.80855132 -3.242848   -2.3893168  -2.03348898], count: 3
w: [-3.86050132 -2.916518   -2.6982668  -1.93499898], count: 16
w: [-3.72867132 -2.726348   -3.0293768  -1.92849188], count: 39
w: [-3.74596732 -2.844508   -2.8911968  -1.85513188], count: 50
w: [-3.66727732 -3.801138   -2.5125268  -1.10479188], count: 18
w: [-3.64288332 -3.653808   -2.6544468  -1.16332688], count: 7
w: [-4.19096332 -2.835618   -2.6266288  -1.66655688], count: 78
w: [-4.03286332 -2.748709   -2.8580088  -1.58414488], count: 15
w: [-4.16946332 -2.730293   -2.7674698  -1.42608488], count: 1
w: [-4.23934232 -3.068003   -2.3553598  -1.27565488], count: 8
w: [-4.23272942 -2.818863   -2.6493698  -1.33781088], count: 16
w: [-4.05397942 -2.340863   -3.1629898  -1.66143088], count: 28
w: [-3.90320942 -2.144903   -3.4688298  -1.67367388], count: 6
w: [-4.18711942 -2.807903   -2.4203398  -1.71578688], count: 26
w: [-3.96768942 -2.352873   -2.9179398  -1.98832688], count: 1
w: [-3.70289942 -3.366613   -2.7848398  -1.44125688], count: 7
w: [-3.55788942 -3.005943   -3.1904098  -1.60091688], count: 3
w: [-3.86654942 -3.669563   -2.1363598  -1.69009888], count: 18
w: [-3.80649942 -3.569618   -2.3576198  -1.68035898], count: 29
w: [-4.00934942 -3.184938   -2.4210548  -1.79785898], count: 17
w: [-4.04226942 -2.739418   -2.8782348  -1.69897898], count: 35
w: [-3.99046942 -2.713553   -2.9623198  -1.60286098], count: 17
w: [-4.06793042 -2.901233   -2.7220898  -1.48967098], count: 14
w: [-3.89994042 -2.480553   -3.1760698  -1.72898098], count: 2
w: [-4.01661042 -2.622923   -2.8836598  -1.66286198], count: 1
w: [-4.01620497 -2.560018   -2.9477808  -1.58704498], count: 53
w: [-4.15280497 -2.541602   -2.8572418  -1.42898498], count: 10
w: [-3.99470497 -2.454693   -3.0886218  -1.34657298], count: 22
w: [-4.24843497 -3.150593   -2.2080818  -1.19368298], count: 12
w: [-4.09766497 -2.954633   -2.5139218  -1.20592598], count: 14
w: [-3.99129497 -2.585063   -2.9298618  -1.39971598], count: 8
w: [-3.84233497 -2.242183   -3.3329518  -1.54230598], count: 6
w: [-3.90810197 -2.522363   -2.9618018  -1.44256698], count: 11
w: [-4.07487197 -3.237713   -2.1725118  -1.34580198], count: 5
w: [-4.06825907 -2.988573   -2.4665218  -1.40795798], count: 5
w: [-4.15086007 -2.692463   -2.5951618  -1.55442798], count: 34
w: [-4.15045462 -2.629558   -2.6592828  -1.47861098], count: 12
w: [-4.12902362 -2.699087   -2.5715718  -1.44895798], count: 37
w: [-4.02708362 -2.588797   -2.8015718  -1.38956298], count: 17
w: [-4.09309162 -2.911397   -2.4209918  -1.27120298], count: 54
w: [-4.10480762 -2.850975   -2.4595788  -1.27710948], count: 4
w: [-4.06717062 -2.933333   -2.3810358  -1.20258548], count: 10
w: [-4.11912062 -2.607003   -2.6899858  -1.10409548], count: 14
w: [-4.01360062 -2.488433   -2.9540958  -1.09306248], count: 8
w: [-3.81050062 -2.303233   -3.2553058  -1.09276218], count: 5
w: [-4.17062062 -2.957123   -2.2029658  -1.14172918], count: 1
w: [-4.10614862 -2.496503   -3.0376658  -0.87073918], count: 7
w: [-3.88671862 -2.041473   -3.5352658  -1.14327918], count: 20
w: [-3.98264162 -2.712753   -3.0366958  -1.11039318], count: 22
w: [-4.18330162 -3.384653   -2.1350758  -1.10039468], count: 12
w: [-4.69991162 -2.580323   -2.1306493  -1.55022468], count: 6
w: [-4.75186162 -2.253993   -2.4395993  -1.45173468], count: 43
w: [-4.67317162 -3.210623   -2.0609293  -0.70139468], count: 3
w: [-4.63984662 -2.879543   -2.5117393  -1.10259468], count: 17
w: [-4.53867662 -2.789323   -2.7467993  -1.05988068], count: 10
w: [-4.53565472 -2.894443   -2.6065593  -0.98251168], count: 9
w: [-4.29648472 -2.438793   -3.1054393  -1.27238168], count: 16
w: [-4.36636372 -2.776503   -2.6933293  -1.12195168], count: 33
w: [-4.24438372 -2.566683   -3.0128693  -1.10910868], count: 3
w: [-4.23225772 -2.544336   -3.0601963  -1.01208468], count: 31
w: [-4.38846772 -2.765546   -2.6342863  -0.98411268], count: 7
w: [-4.33252872 -2.796586   -2.6159793  -0.93945968], count: 5
w: [-4.16453872 -2.375906   -3.0699593  -1.17876968], count: 10
w: [-4.24199972 -2.563586   -2.8297293  -1.06557968], count: 9
w: [-4.19019972 -2.537721   -2.9138143  -0.96946168], count: 14
w: [-4.20749572 -2.655881   -2.7756343  -0.89610168], count: 14
w: [-4.17315572 -2.643466   -2.8043673  -0.88144768], count: 40
w: [-3.99440572 -2.165466   -3.3179873  -1.20506768], count: 1
w: [-4.33022572 -2.889506   -2.1737973  -1.26218068], count: 46
w: [-4.12845572 -2.709686   -2.4696073  -1.24119068], count: 24
w: [-3.96941572 -2.488476   -2.7814373  -1.25291568], count: 32
w: [-3.89498772 -2.865706   -2.6201273  -1.09537568], count: 1
w: [-3.89751912 -2.883089   -2.6314663  -0.97339568], count: 18
w: [-3.94946912 -2.556759   -2.9404163  -0.87490568], count: 4
w: [-3.81428912 -2.450809   -3.1747863  -0.83490768], count: 11
w: [-4.25201912 -3.002479   -2.0808863  -0.87572768], count: 13
w: [-4.07870912 -2.607039   -2.5550063  -1.12589768], count: 18
w: [-3.93369912 -2.246369   -2.9605763  -1.28555768], count: 39
w: [-4.02728612 -2.756449   -2.5069063  -1.14689768], count: 20
w: [-4.04458212 -2.874609   -2.3687263  -1.07353768], count: 14
w: [-3.98864312 -2.905649   -2.3504193  -1.02888468], count: 28
w: [-4.02156712 -2.460129   -2.8075993  -0.93000468], count: 25
w: [-4.00013612 -2.529658   -2.7198883  -0.90035168], count: 37
w: [-3.89461612 -2.411088   -2.9839983  -0.88931868], count: 7
w: [-4.17852612 -3.074088   -1.9355083  -0.93143168], count: 9
w: [-4.38137612 -2.689408   -1.9989433  -1.04893168], count: 11
w: [-4.25939612 -2.479588   -2.3184833  -1.03608868], count: 37
w: [-4.23500212 -2.332258   -2.4604033  -1.09462368], count: 14
w: [-4.23198022 -2.437378   -2.3201633  -1.01725468], count: 5
w: [-4.23451162 -2.454761   -2.3315023  -0.89527468], count: 61
w: [-4.12814162 -2.085191   -2.7474423  -1.08906468], count: 3
w: [-4.04945162 -3.041821   -2.3687723  -0.33872468], count: 14
w: [-3.92373162 -2.554511   -2.8973823  -0.92613468], count: 13
w: [-3.75574162 -2.133831   -3.3513623  -1.16544468], count: 3
w: [-4.12535162 -3.501621   -1.5934123  -1.42725468], count: 12
w: [-3.88618162 -3.045971   -2.0922923  -1.71712468], count: 1
w: [-3.88631014 -3.032108   -2.1119433  -1.71630714], count: 25
w: [-3.73554014 -2.836148   -2.4177833  -1.72855014], count: 23
w: [-3.78749014 -2.509818   -2.7267333  -1.63006014], count: 19
w: [-3.58439014 -2.324618   -3.0279433  -1.62975984], count: 2
w: [-3.42629014 -2.237709   -3.2593233  -1.54734784], count: 5
w: [-3.65616014 -2.760409   -2.6963233  -1.45562584], count: 3
w: [-3.43673014 -2.305379   -3.1939233  -1.72816584], count: 23
w: [-3.79354014 -3.126679   -2.1856233  -1.63140084], count: 14
w: [-3.75590314 -3.209037   -2.1070803  -1.55687684], count: 2
w: [-3.83850414 -2.912927   -2.2357203  -1.70334684], count: 40
w: [-3.63673414 -2.733107   -2.5315303  -1.68235684], count: 37
w: [-3.79702414 -2.77201    -2.3695303  -1.49132684], count: 39
w: [-3.63798414 -2.5508     -2.6813603  -1.50305184], count: 5
w: [-3.60364414 -2.538385   -2.7100933  -1.48839784], count: 19
w: [-3.67352314 -2.876095   -2.2979833  -1.33796784], count: 26
w: [-3.65109114 -2.928242   -2.3383693  -1.21779784], count: 14
w: [-3.51591114 -2.822292   -2.5727393  -1.17779984], count: 12
w: [-3.37090114 -2.461622   -2.9783093  -1.33745984], count: 3
w: [-3.48757114 -2.603992   -2.6858993  -1.27134084], count: 36
w: [-3.35574114 -2.413822   -3.0170093  -1.26483374], count: 9
w: [-3.34361514 -2.391475   -3.0643363  -1.16780974], count: 4
w: [-3.48248514 -2.879205   -2.4165963  -1.13363074], count: 23
w: [-3.43068514 -2.85334    -2.5006813  -1.03751274], count: 12
w: [-3.30789514 -2.45025    -2.9650313  -1.42876274], count: 13
w: [-3.20595514 -2.33996    -3.1950313  -1.36936774], count: 4
w: [-3.37699514 -2.81776    -2.5739413  -1.32962774], count: 25
w: [-3.20368514 -2.42232    -3.0480613  -1.57979774], count: 11
w: [-3.20327969 -2.359415   -3.1121823  -1.50398074], count: 5
w: [-3.65102969 -3.662445   -1.4038423  -1.80743074], count: 6
w: [-3.50206969 -3.319565   -1.8069323  -1.95002074], count: 6
w: [-3.42800269 -3.146575   -2.1265623  -1.96459074], count: 2
w: [-3.43971869 -3.086153   -2.1651493  -1.97049724], count: 10
w: [-3.26096869 -2.608153   -2.6787693  -2.29411724], count: 9
w: [-3.47306869 -2.613741   -2.4838693  -2.15881724], count: 41
w: [-3.52501869 -2.287411   -2.7928193  -2.06032724], count: 30
w: [-3.67823869 -2.797071   -2.1250293  -2.04282924], count: 15
w: [-3.47513869 -2.611871   -2.4262393  -2.04252894], count: 35
w: [-3.51594269 -2.557657   -2.4789643  -1.97666894], count: 33
w: [-3.29651269 -2.102627   -2.9765643  -2.24920894], count: 16
w: [-3.51991269 -2.805767   -2.2272043  -2.18787494], count: 3
w: [-3.44584569 -2.632777   -2.5468343  -2.20244494], count: 27
w: [-3.49779569 -2.306447   -2.8557843  -2.10395494], count: 1
w: [-3.72404569 -2.3163805  -2.5745143  -2.05529294], count: 5
w: [-3.48487569 -1.8607305  -3.0733943  -2.34516294], count: 1
w: [-3.65591569 -2.3385305  -2.4523043  -2.30542294], count: 1
w: [-3.52408569 -2.1483605  -2.7834143  -2.29891584], count: 3
w: [-3.44965769 -2.5255905  -2.6221043  -2.14137584], count: 1
w: [-3.50160769 -2.1992605  -2.9310543  -2.04288584], count: 1
w: [-3.87663769 -3.5451205  -1.1717343  -2.32059584], count: 9
w: [-3.77469769 -3.4348305  -1.4017343  -2.26120084], count: 15
w: [-3.73706069 -3.5171885  -1.3231913  -2.18667684], count: 11
w: [-3.83003069 -3.1374785  -1.7874813  -2.15710684], count: 14
w: [-3.77823069 -3.1116135  -1.8715663  -2.06098884], count: 6
w: [-3.59948069 -2.6336135  -2.3851863  -2.38460884], count: 29
w: [-3.44044069 -2.4124035  -2.6970163  -2.39633384], count: 15
w: [-3.64935069 -2.4608255  -2.5266163  -2.22198384], count: 44
w: [-3.72681169 -2.6485055  -2.2863863  -2.10879384], count: 2
w: [-3.59163169 -2.5425555  -2.5207563  -2.06879584], count: 1
w: [-3.51294169 -3.4991855  -2.1420863  -1.31845584], count: 6
w: [-3.51547309 -3.5165685  -2.1534253  -1.19647584], count: 15
w: [-4.03208309 -2.7122385  -2.1489988  -1.64630584], count: 23
w: [-4.04379909 -2.6518165  -2.1875858  -1.65221234], count: 44
w: [-4.06109509 -2.7699765  -2.0494058  -1.57885234], count: 5
w: [-4.04498709 -2.1237365  -2.8851358  -1.42669234], count: 31
w: [-3.88688709 -2.0368275  -3.1165158  -1.34428034], count: 21
w: [-4.20111709 -3.3404775  -1.5487858  -1.41044534], count: 3
w: [-4.34590709 -2.8525375  -2.3830658  -1.19958534], count: 5
w: [-4.14413709 -2.6727175  -2.6788758  -1.17859534], count: 3
w: [-4.11974309 -2.5253875  -2.8207958  -1.23713034], count: 35
w: [-4.10761709 -2.5030405  -2.8681228  -1.14010634], count: 18
w: [-4.26382709 -2.7242505  -2.4422128  -1.11213434], count: 9
w: [-4.09051709 -2.3288105  -2.9163328  -1.36230434], count: 16
w: [-4.06908609 -2.3983395  -2.8286218  -1.33265134], count: 45
w: [-4.13509409 -2.7209395  -2.4480418  -1.21429134], count: 4
w: [-4.18704109 -2.3946095  -2.7569918  -1.11579934], count: 12
w: [-4.15270109 -2.3821945  -2.7857248  -1.10114534], count: 33
w: [-4.00769109 -2.0215245  -3.1912948  -1.26080534], count: 2
w: [-4.36822109 -2.6189245  -2.1821348  -1.34365134], count: 3
w: [-4.31228209 -2.6499645  -2.1638278  -1.29899834], count: 39
w: [-4.16151209 -2.4540045  -2.4696678  -1.31124134], count: 20
w: [-4.16110664 -2.3910995  -2.5337888  -1.23542434], count: 18
w: [-4.15808474 -2.4962195  -2.3935488  -1.15805534], count: 43
w: [-3.99009474 -2.0755395  -2.8475288  -1.39736534], count: 16
w: [-4.37212474 -3.3810495  -1.1516988  -1.62788534], count: 17
w: [-4.30765274 -2.9204295  -1.9863988  -1.35689534], count: 15
w: [-4.15869274 -2.5775495  -2.3894888  -1.49948534], count: 54
w: [-4.13626074 -2.6296965  -2.4298748  -1.37931534], count: 24
w: [-4.01428074 -2.4198765  -2.7494148  -1.36647234], count: 18

Average prediction error on test dataset: 0.056
